import 'package:flutter/cupertino.dart';

const double coremeasure_0 = 17,
    coremeasure_1 = 20.1875,
    coremeasure_2 = 23.97265625,
    coremeasure_3 = 28.467529296875,
    coremeasure_4 = 33.80519104003906,
    coremeasure_5 = 40.14366436004639,
    coremeasure_6 = 47.670601427555084,
    coremeasure_7 = 56.60883919522166,
    coremeasure_8 = 67.22299654432572,
    coremeasure_9 = 79.8273083963868,
    coremeasure_10 = 94.79492872070932,
    coremeasure_11 = 112.56897785584232,
    coremeasure_12 = 133.67566120381275,
    coremeasure_13 = 158.73984767952766,
    coremeasure_14 = 188.50356911943908,
    coremeasure_15 = 223.8479883293339,
    coremeasure_16 = 265.819486141084,
    coremeasure_17 = 315.6606397925372,
    coremeasure_18 = 374.84700975363796,
    coremeasure_19 = 445.1308240824451,
    coremeasure_20 = 528.5928535979035,
    coremeasure_21 = 627.7040136475105,
    coremeasure_22 = 745.3985162064187,
    coremeasure_23 = 885.1607379951222,
    coremeasure_24 = 1051.1283763692077,
    coremeasure_25 = 1248.2149469384342,
    coremeasure_26 = 1482.2552494893905,
    coremeasure_27 = 1760.1781087686513,
    coremeasure_28 = 2090.2115041627735,
    coremeasure_29 = 2482.1261611932937,
    coremeasure_30 = 2947.524816417036;

const _kFontFam = 'MyFlutterApp';
const String? _kFontPkg = null;

const IconData group_18 =
    IconData(0xe801, fontFamily: _kFontFam, fontPackage: _kFontPkg);
const IconData group_19 =
    IconData(0xe802, fontFamily: _kFontFam, fontPackage: _kFontPkg);
const IconData group_20 =
    IconData(0xe803, fontFamily: _kFontFam, fontPackage: _kFontPkg);
const IconData group_17 =
    IconData(0xe804, fontFamily: _kFontFam, fontPackage: _kFontPkg);
